%YAML:1.0
date: "Sun Aug 26 21:19:53 2012\n"
width: 1280
height: 720
thumb_width: 64
thumb_height: 48
im_width: 640
im_height: 480
