%YAML:1.0
date: "Tue Aug 28 21:22:34 2012\n"
nodes:
   -
      ind: 0
      typeid: "bm::ImageDir"
      name: image_dir
      loc: [ 58, 36 ]
      enable: 1
      svals:
         -
            name: cur_size
            value: 12.
         -
            name: ind
            value: 4.
         -
            name: max_size
            value: 100.
      dir: "../data/"
      inputs:
         []
   -
      ind: 1
      typeid: "bm::Bezier"
      name: bezier
      loc: [ 290, 36 ]
      enable: 1
      svals:
         -
            name: num
            value: 1.4641000747680664e+01
         -
            name: x0
            value: 10.
         -
            name: x1
            value: 2.1039982604980469e+02
         -
            name: x2
            value: 6.6230575561523438e+01
         -
            name: x3
            value: 1.3784916992187500e+03
         -
            name: y0
            value: 9.4707566499710083e-01
         -
            name: y1
            value: 100.
         -
            name: y2
            value: 4.5267062377929688e+02
         -
            name: y3
            value: 5.5499548339843750e+02
      inputs:
         -
            type: Signal
            port: x1
            src_port: value
            ind: 8
         -
            type: Signal
            port: x2
            src_port: value
            ind: 7
         -
            type: Signal
            port: y0
            src_port: value
            ind: 9
         -
            type: Signal
            port: y2
            src_port: value
            ind: 6
         -
            type: Signal
            port: y3
            src_port: value
            ind: 10
   -
      ind: 2
      typeid: "bm::Add"
      name: add0
      loc: [ 523, 36 ]
      enable: 1
      svals:
         -
            name: add0
            value: 2.1012267097830772e-02
         -
            name: add1
            value: 9.4707566499710083e-01
         -
            name: add2
            value: -1.2692382931709290e-01
         -
            name: add3
            value: 6.5306299924850464e-01
         -
            name: write_count
            value: 2.
      inputs:
         -
            type: ImageNode
            port: add0
            src_port: out
            ind: 1
         -
            type: ImageNode
            port: add1
            src_port: out
            ind: 20
         -
            type: ImageNode
            port: add2
            src_port: out
            ind: 0
         -
            type: ImageNode
            port: add3
            src_port: out
            ind: 5
         -
            type: Signal
            port: add1
            src_port: value
            ind: 9
   -
      ind: 3
      typeid: "bm::Add"
      name: add1
      loc: [ 756, 36 ]
      enable: 1
      svals:
         -
            name: add0
            value: 2.
      inputs:
         []
   -
      ind: 4
      typeid: "bm::Resize"
      name: resize
      loc: [ 989, 36 ]
      enable: 1
      svals:
         -
            name: fx
            value: 2.0000000298023224e-01
         -
            name: fy
            value: 2.0000000298023224e-01
      inputs:
         -
            type: ImageNode
            port: in
            src_port: out
            ind: 2
   -
      ind: 5
      typeid: "bm::Rot2D"
      name: rot2d
      loc: [ 58, 180 ]
      enable: 1
      svals:
         -
            name: angle
            value: 7.2899997234344482e-01
         -
            name: center_x
            value: 4.5267062377929688e+02
         -
            name: center_y
            value: 6.6230575561523438e+01
         -
            name: scale
            value: 9.8487198352813721e-01
         -
            name: write_count
            value: 2.
      inputs:
         -
            type: ImageNode
            port: in
            src_port: out
            ind: 2
         -
            type: Signal
            port: center_x
            src_port: value
            ind: 6
         -
            type: Signal
            port: center_y
            src_port: value
            ind: 7
   -
      ind: 6
      typeid: "bm::Random"
      name: random
      loc: [ 290, 180 ]
      enable: 1
      svals:
         -
            name: max
            value: 500.
         -
            name: min
            value: 0.
         -
            name: step
            value: 1.0000000149011612e-01
         -
            name: value
            value: 4.5267062377929688e+02
      inputs:
         []
   -
      ind: 7
      typeid: "bm::Signal"
      name: signal1
      loc: [ 523, 180 ]
      enable: 1
      svals:
         -
            name: max
            value: 5.6426861572265625e+02
         -
            name: min
            value: 0.
         -
            name: step
            value: 4.1394104957580566e+00
         -
            name: value
            value: 6.6230575561523438e+01
      inputs:
         []
   -
      ind: 8
      typeid: "bm::Saw"
      name: saw0
      loc: [ 756, 180 ]
      enable: 1
      svals:
         -
            name: max
            value: 3.2556588745117188e+02
         -
            name: min
            value: 0.
         -
            name: step
            value: -1.9194345474243164e+01
         -
            name: value
            value: 2.1039982604980469e+02
      inputs:
         []
   -
      ind: 9
      typeid: "bm::Saw"
      name: saw1
      loc: [ 989, 180 ]
      enable: 1
      svals:
         -
            name: max
            value: 9.4707566499710083e-01
         -
            name: min
            value: 2.7130067348480225e-01
         -
            name: step
            value: -3.4336838871240616e-02
         -
            name: value
            value: 9.4707566499710083e-01
      inputs:
         []
   -
      ind: 10
      typeid: "bm::Saw"
      name: saw2
      loc: [ 58, 324 ]
      enable: 1
      svals:
         -
            name: max
            value: 5.8695446777343750e+02
         -
            name: min
            value: 0.
         -
            name: step
            value: -7.9897389411926270e+00
         -
            name: value
            value: 5.5499548339843750e+02
      inputs:
         []
   -
      ind: 11
      typeid: "bm::Tap"
      name: tap0
      loc: [ 290, 324 ]
      enable: 1
      svals:
         -
            name: value
            value: 0.
      inputs:
         []
   -
      ind: 12
      typeid: "bm::Tap"
      name: tap1
      loc: [ 523, 324 ]
      enable: 1
      svals:
         -
            name: value
            value: 0.
      inputs:
         []
   -
      ind: 13
      typeid: "bm::Tap"
      name: tap2
      loc: [ 756, 324 ]
      enable: 1
      svals:
         -
            name: value
            value: 0.
      inputs:
         []
   -
      ind: 14
      typeid: "bm::TapInd"
      name: tapind0
      loc: [ 989, 324 ]
      enable: 1
      svals:
         -
            name: value
            value: 0.
      inputs:
         []
   -
      ind: 15
      typeid: "bm::TapInd"
      name: tapind1
      loc: [ 58, 468 ]
      enable: 1
      svals:
         -
            name: value
            value: 0.
      inputs:
         []
   -
      ind: 16
      typeid: "bm::TapInd"
      name: tapind2
      loc: [ 290, 468 ]
      enable: 1
      svals:
         -
            name: value
            value: 0.
      inputs:
         []
   -
      ind: 17
      typeid: "bm::Buffer"
      name: buffer0
      loc: [ 523, 468 ]
      enable: 1
      svals:
         -
            name: max_size
            value: 100.
      inputs:
         []
   -
      ind: 18
      typeid: "bm::Buffer"
      name: buffer1
      loc: [ 756, 468 ]
      enable: 1
      svals:
         -
            name: max_size
            value: 100.
      inputs:
         []
   -
      ind: 19
      typeid: "bm::Buffer"
      name: buffer2
      loc: [ 989, 468 ]
      enable: 1
      svals:
         -
            name: max_size
